=== ANN (MLP) (multi) ===
[VAL] acc=0.9737, f1w=0.9749
              precision    recall  f1-score   support

           0     0.9872    0.9974    0.9923     11012
           1     1.0000    0.9948    0.9974       580
           2     0.2938    0.8103    0.4312        58
           3     0.8894    0.9239    0.9063       775
           4     1.0000    0.8199    0.9010       583
           5     0.9702    0.7822    0.8661       707

    accuracy                         0.9737     13715
   macro avg     0.8568    0.8881    0.8491     13715
weighted avg     0.9790    0.9737    0.9749     13715

[TEST] acc=0.9754, f1w=0.9765
              precision    recall  f1-score   support

           0     0.9879    0.9980    0.9929      7341
           1     1.0000    0.9922    0.9961       387
           2     0.3211    0.9211    0.4762        38
           3     0.9026    0.9323    0.9172       517
           4     1.0000    0.8226    0.9027       389
           5     0.9764    0.7881    0.8722       472

    accuracy                         0.9754      9144
   macro avg     0.8647    0.9091    0.8596      9144
weighted avg     0.9807    0.9754    0.9765      9144

