=== Decision Tree (multi) ===
[VAL] acc=0.9828, f1w=0.9839
              precision    recall  f1-score   support

           0     0.9983    0.9960    0.9971     11012
           1     1.0000    0.9983    0.9991       580
           2     0.3929    0.9483    0.5556        58
           3     0.9169    0.8826    0.8994       775
           4     0.9565    0.9434    0.9499       583
           5     0.9346    0.9095    0.9219       707

    accuracy                         0.9828     13715
   macro avg     0.8665    0.9463    0.8872     13715
weighted avg     0.9861    0.9828    0.9839     13715

[TEST] acc=0.9802, f1w=0.9816
              precision    recall  f1-score   support

           0     0.9974    0.9940    0.9957      7341
           1     1.0000    1.0000    1.0000       387
           2     0.3579    0.8947    0.5113        38
           3     0.9014    0.8839    0.8926       517
           4     0.9468    0.9152    0.9307       389
           5     0.9330    0.9153    0.9241       472

    accuracy                         0.9802      9144
   macro avg     0.8561    0.9339    0.8757      9144
weighted avg     0.9840    0.9802    0.9816      9144

