=== ANN (MLP) (multi) ===
[VAL] acc=0.9785, f1w=0.9786
              precision    recall  f1-score   support

           0     0.9917    0.9965    0.9941     11012
           1     1.0000    0.9966    0.9983       580
           2     0.3750    0.5172    0.4348        58
           3     0.8803    0.9394    0.9089       775
           4     0.9319    0.9160    0.9239       583
           5     0.9746    0.8147    0.8875       707

    accuracy                         0.9785     13715
   macro avg     0.8589    0.8634    0.8579     13715
weighted avg     0.9797    0.9785    0.9786     13715

[TEST] acc=0.9787, f1w=0.9787
              precision    recall  f1-score   support

           0     0.9911    0.9970    0.9940      7341
           1     1.0000    0.9948    0.9974       387
           2     0.3333    0.4474    0.3820        38
           3     0.8931    0.9536    0.9224       517
           4     0.9275    0.9203    0.9239       389
           5     0.9792    0.7987    0.8798       472

    accuracy                         0.9787      9144
   macro avg     0.8540    0.8520    0.8499      9144
weighted avg     0.9799    0.9787    0.9787      9144

