=== Decision Tree (multi) ===
[VAL] acc=0.9894, f1w=0.9893
              precision    recall  f1-score   support

           0     0.9956    0.9966    0.9961     11012
           1     1.0000    1.0000    1.0000       580
           2     0.9444    0.8793    0.9107        58
           3     0.9303    0.9471    0.9386       775
           4     0.9861    0.9760    0.9810       583
           5     0.9538    0.9335    0.9435       707

    accuracy                         0.9894     13715
   macro avg     0.9684    0.9554    0.9617     13715
weighted avg     0.9894    0.9894    0.9893     13715

[TEST] acc=0.9914, f1w=0.9913
              precision    recall  f1-score   support

           0     0.9958    0.9977    0.9967      7341
           1     1.0000    0.9948    0.9974       387
           2     0.9231    0.9474    0.9351        38
           3     0.9590    0.9497    0.9543       517
           4     0.9948    0.9897    0.9923       389
           5     0.9528    0.9407    0.9467       472

    accuracy                         0.9914      9144
   macro avg     0.9709    0.9700    0.9704      9144
weighted avg     0.9913    0.9914    0.9913      9144

