=== Random Forest (multi) ===
[VAL] acc=0.9934, f1w=0.9934
              precision    recall  f1-score   support

           0     0.9964    0.9985    0.9975     11012
           1     1.0000    1.0000    1.0000       580
           2     0.9091    0.8621    0.8850        58
           3     0.9653    0.9690    0.9672       775
           4     0.9895    0.9743    0.9818       583
           5     0.9827    0.9618    0.9721       707

    accuracy                         0.9934     13715
   macro avg     0.9738    0.9610    0.9673     13715
weighted avg     0.9934    0.9934    0.9934     13715

[TEST] acc=0.9956, f1w=0.9956
              precision    recall  f1-score   support

           0     0.9967    0.9996    0.9982      7341
           1     1.0000    0.9974    0.9987       387
           2     0.9000    0.9474    0.9231        38
           3     0.9844    0.9768    0.9806       517
           4     1.0000    0.9897    0.9948       389
           5     0.9913    0.9619    0.9763       472

    accuracy                         0.9956      9144
   macro avg     0.9787    0.9788    0.9786      9144
weighted avg     0.9956    0.9956    0.9956      9144

