=== Random Forest (multi) ===
[VAL] acc=0.9839, f1w=0.9851
              precision    recall  f1-score   support

           0     0.9987    0.9962    0.9975     11012
           1     1.0000    1.0000    1.0000       580
           2     0.3929    0.9483    0.5556        58
           3     0.9228    0.8942    0.9083       775
           4     0.9565    0.9434    0.9499       583
           5     0.9431    0.9137    0.9282       707

    accuracy                         0.9839     13715
   macro avg     0.8690    0.9493    0.8899     13715
weighted avg     0.9873    0.9839    0.9851     13715

[TEST] acc=0.9824, f1w=0.9838
              precision    recall  f1-score   support

           0     0.9984    0.9959    0.9971      7341
           1     1.0000    1.0000    1.0000       387
           2     0.3542    0.8947    0.5075        38
           3     0.9191    0.9014    0.9102       517
           4     0.9468    0.9152    0.9307       389
           5     0.9429    0.9089    0.9256       472

    accuracy                         0.9824      9144
   macro avg     0.8602    0.9360    0.8785      9144
weighted avg     0.9862    0.9824    0.9838      9144

