=== ANN (MLP) (multi) ===
[VAL] acc=0.9744, f1w=0.9756
              precision    recall  f1-score   support

           0     0.9880    0.9975    0.9928     11012
           1     1.0000    0.9966    0.9983       580
           2     0.2911    0.7931    0.4259        58
           3     0.8897    0.9265    0.9077       775
           4     0.9958    0.8199    0.8993       583
           5     0.9739    0.7907    0.8728       707

    accuracy                         0.9744     13715
   macro avg     0.8564    0.8874    0.8495     13715
weighted avg     0.9796    0.9744    0.9756     13715

[TEST] acc=0.9760, f1w=0.9772
              precision    recall  f1-score   support

           0     0.9889    0.9977    0.9933      7341
           1     1.0000    0.9922    0.9961       387
           2     0.3211    0.9211    0.4762        38
           3     0.8987    0.9439    0.9208       517
           4     0.9969    0.8226    0.9014       389
           5     0.9816    0.7924    0.8769       472

    accuracy                         0.9760      9144
   macro avg     0.8645    0.9116    0.8608      9144
weighted avg     0.9815    0.9760    0.9772      9144

