=== Decision Tree (multi) ===
[VAL] acc=0.9826, f1w=0.9837
              precision    recall  f1-score   support

           0     0.9979    0.9961    0.9970     11012
           1     1.0000    0.9983    0.9991       580
           2     0.3929    0.9483    0.5556        58
           3     0.9152    0.8774    0.8959       775
           4     0.9565    0.9434    0.9499       583
           5     0.9373    0.9095    0.9232       707

    accuracy                         0.9826     13715
   macro avg     0.8666    0.9455    0.8868     13715
weighted avg     0.9859    0.9826    0.9837     13715

[TEST] acc=0.9802, f1w=0.9816
              precision    recall  f1-score   support

           0     0.9973    0.9943    0.9958      7341
           1     1.0000    1.0000    1.0000       387
           2     0.3542    0.8947    0.5075        38
           3     0.9046    0.8801    0.8922       517
           4     0.9418    0.9152    0.9283       389
           5     0.9371    0.9153    0.9260       472

    accuracy                         0.9802      9144
   macro avg     0.8558    0.9333    0.8750      9144
weighted avg     0.9840    0.9802    0.9816      9144

