=== Random Forest (multi) ===
[VAL] acc=0.9838, f1w=0.9850
              precision    recall  f1-score   support

           0     0.9988    0.9960    0.9974     11012
           1     1.0000    1.0000    1.0000       580
           2     0.3929    0.9483    0.5556        58
           3     0.9192    0.8955    0.9072       775
           4     0.9565    0.9434    0.9499       583
           5     0.9444    0.9137    0.9288       707

    accuracy                         0.9838     13715
   macro avg     0.8686    0.9495    0.8898     13715
weighted avg     0.9872    0.9838    0.9850     13715

[TEST] acc=0.9825, f1w=0.9839
              precision    recall  f1-score   support

           0     0.9986    0.9956    0.9971      7341
           1     1.0000    1.0000    1.0000       387
           2     0.3542    0.8947    0.5075        38
           3     0.9160    0.9072    0.9116       517
           4     0.9468    0.9152    0.9307       389
           5     0.9449    0.9089    0.9266       472

    accuracy                         0.9825      9144
   macro avg     0.8601    0.9369    0.8789      9144
weighted avg     0.9864    0.9825    0.9839      9144

