=== ANN (MLP) (multi) ===
[VAL] acc=0.9773, f1w=0.9782
              precision    recall  f1-score   support

           0     0.9911    0.9975    0.9943     11012
           1     1.0000    0.9931    0.9965       580
           2     0.3669    0.8793    0.5178        58
           3     0.9372    0.8865    0.9111       775
           4     0.9509    0.8628    0.9047       583
           5     0.9205    0.8515    0.8846       707

    accuracy                         0.9773     13715
   macro avg     0.8611    0.9118    0.8682     13715
weighted avg     0.9804    0.9773    0.9782     13715

[TEST] acc=0.9776, f1w=0.9785
              precision    recall  f1-score   support

           0     0.9912    0.9978    0.9945      7341
           1     1.0000    1.0000    1.0000       387
           2     0.3511    0.8684    0.5000        38
           3     0.9371    0.8936    0.9149       517
           4     0.9545    0.8638    0.9069       389
           5     0.9252    0.8390    0.8800       472

    accuracy                         0.9776      9144
   macro avg     0.8599    0.9104    0.8660      9144
weighted avg     0.9809    0.9776    0.9785      9144

