=== Decision Tree (multi) ===
[VAL] acc=0.9905, f1w=0.9905
              precision    recall  f1-score   support

           0     0.9956    0.9961    0.9958     11012
           1     1.0000    1.0000    1.0000       580
           2     0.8500    0.8793    0.8644        58
           3     0.9448    0.9497    0.9472       775
           4     0.9844    0.9760    0.9802       583
           5     0.9714    0.9618    0.9666       707

    accuracy                         0.9905     13715
   macro avg     0.9577    0.9605    0.9590     13715
weighted avg     0.9905    0.9905    0.9905     13715

[TEST] acc=0.9925, f1w=0.9924
              precision    recall  f1-score   support

           0     0.9959    0.9974    0.9967      7341
           1     1.0000    0.9948    0.9974       387
           2     0.9000    0.9474    0.9231        38
           3     0.9725    0.9594    0.9659       517
           4     0.9948    0.9897    0.9923       389
           5     0.9596    0.9555    0.9575       472

    accuracy                         0.9925      9144
   macro avg     0.9705    0.9740    0.9721      9144
weighted avg     0.9924    0.9925    0.9924      9144

