=== Random Forest (multi) ===
[VAL] acc=0.9918, f1w=0.9918
              precision    recall  f1-score   support

           0     0.9955    0.9983    0.9969     11012
           1     1.0000    1.0000    1.0000       580
           2     0.9245    0.8448    0.8829        58
           3     0.9589    0.9626    0.9607       775
           4     0.9878    0.9743    0.9810       583
           5     0.9723    0.9434    0.9576       707

    accuracy                         0.9918     13715
   macro avg     0.9732    0.9539    0.9632     13715
weighted avg     0.9918    0.9918    0.9918     13715

[TEST] acc=0.9940, f1w=0.9940
              precision    recall  f1-score   support

           0     0.9966    0.9990    0.9978      7341
           1     1.0000    0.9974    0.9987       387
           2     0.8974    0.9211    0.9091        38
           3     0.9729    0.9710    0.9719       517
           4     0.9948    0.9897    0.9923       389
           5     0.9781    0.9470    0.9623       472

    accuracy                         0.9940      9144
   macro avg     0.9733    0.9709    0.9720      9144
weighted avg     0.9940    0.9940    0.9940      9144

